42444517
42445100
42445670
42445723
42445769
42446607
42897709
42897745
42897780
42898684
42899031
42899041
42899474
43896358
43896371
43896550
44796230
44796514
45261257
45261681
45261709
47115445
47204474
47204499
47204658
47331089
47331771
47331804
47332320
47332642
47332817
47333462
47333468
47333590
47333635
47333965
47334464
47334948
47429678
47429830
47429954
47430077
47430221
47430395
47430540
47430544
47670195
47895796
47895971
48017890
48018069
48018328
48018334
48018512
48018778
48018785
48018887
48458455
48458610
49739821
