43649774
48018894
42445723
43896550
42445047
47333635
48018778
48018328
47331771
42444517
47334659
47429678
48458610
47334464
47430540
47331931
47670195
48018887
42897780
47332937
47333468
48458455
44358274
42445670
47331938
47430395
47430221
45261201
44796230
45261257
48018188
47115445
47895971
42445100
47429954
47204499
47331089
42899041
49739821
47334948
44358243
47333665
43649597
42899300
45662831
42899569
47429830
47333965
48018785
42899031
47430715
47331804
47430077
48017890
47332817
47332642
47333949
42445769
47895796
47430544
45261728
42898236
42898055
43896371
45261709
48018780
42897745
47204658
42446607
48018514
42898427
42899474
48018069
48018334
47431170
47895507
47334849
47333462
42899975
44796514
42445718
47331173
47332320
48018090
47204474
42897709
42898684
42898917
47430831
47670197
43895904
47429833
43896358
47333590
49739912
47669856
45261681
47334489
42897509
48018512
